7.090757006757453382e+03
5.787318490787673909e+03
5.290238940764277686e+03
4.858752928530891950e+03
4.469868249926857970e+03
4.117213862588607299e+03
3.790604746462212006e+03
3.487503219913437079e+03
3.208801392517210388e+03
2.954672257396561690e+03
2.719581370083425554e+03
2.505005894596460621e+03
2.306222052748584701e+03
2.123242387111225526e+03
1.954249136013990437e+03
1.801571125622805766e+03
1.657396295799740301e+03
1.529780099175261512e+03
1.409056622566772603e+03
1.299165151914373155e+03
1.197734457153575022e+03
1.106204738936000240e+03
1.024302532891171268e+03
9.469876094226688110e+02
8.812161056262965531e+02
8.133662782135190810e+02
7.529284065362328420e+02
7.012541822799537385e+02
6.526834891664955194e+02
6.074320337580488740e+02
5.734598774276646509e+02
5.376047713705868318e+02
5.035488228169964486e+02
4.698930896881449257e+02
4.424161028920894978e+02
4.216206533010219459e+02
3.960338891827376528e+02
3.744137439784796015e+02
3.589122487135354618e+02
3.401460986273737035e+02
3.237583096881625693e+02
3.099723167030024911e+02
2.997424632562920692e+02
2.895490154059605175e+02
2.773477160855198917e+02
2.696314989472597290e+02
2.612695329263927988e+02
2.524020676253834381e+02
2.441784443910416087e+02
2.402381591762452047e+02
2.299680286640040094e+02
2.315316450314690826e+02
2.208128064313547156e+02
2.131398670260430492e+02
2.119418432136644412e+02
2.101460389975303258e+02
2.070210015738678067e+02
2.056010694554880729e+02
1.980982464504258189e+02
1.951068122549230850e+02
1.934542177576924757e+02
1.897315306062995717e+02
1.916388203330091358e+02
1.873635947526688028e+02
1.866574017352228623e+02
1.853776487023769448e+02
1.829525921798842774e+02
1.755433293844357081e+02
1.746386945613796229e+02
1.771641600448920713e+02
1.725313454244444813e+02
1.762065904628174167e+02
1.698901020661269570e+02
1.723778138752617224e+02
1.711325001943858410e+02
1.677736677664950946e+02
1.700387587045750593e+02
1.624812079153114155e+02
1.637653385657397109e+02
1.658496336026627773e+02
1.661329892871545439e+02
1.645898035923025873e+02
1.611749343600990301e+02
1.591832575402978591e+02
1.603452365421938168e+02
1.616541712617156179e+02
1.601562650014782605e+02
1.618731635899775370e+02
1.578278148828185579e+02
1.584947966531034069e+02
1.580113601327433344e+02
1.570417383852414446e+02
1.600683703997784448e+02
1.560210758144900751e+02
1.542470591293764528e+02
1.546764533088249038e+02
1.565842198548358226e+02
1.509872767851979347e+02
1.524453996965226281e+02
1.488789729391094454e+02
1.525957387879336977e+02
1.524826691584312641e+02
1.492900431054637806e+02
1.509362916934040300e+02
1.471334656580982596e+02
1.491785532705177673e+02
1.492034763591986462e+02
1.516412296563018742e+02
1.447473527605941968e+02
1.471578778058272121e+02
1.473057625798376193e+02
1.449757620564209617e+02
1.491940940851339974e+02
1.466085569977551870e+02
1.444001080116761102e+02
1.492226815026031375e+02
1.433805969782162322e+02
1.432336761619185381e+02
1.411816400690709656e+02
1.423487749358440624e+02
1.404556566965263187e+02
1.422345176431291236e+02
1.405122203812919963e+02
1.391604676494326327e+02
1.398630488213196088e+02
1.404012923677132676e+02
1.378872393551671962e+02
1.383367853438442125e+02
1.358972195898590201e+02
1.376004616520770583e+02
1.372870237034096306e+02
1.352264010650065131e+02
1.346463122495599976e+02
1.381222391212983496e+02
1.346807774332976066e+02
1.367730723811274345e+02
1.352717379629763172e+02
1.306553172233658699e+02
1.339699889764951877e+02
1.310677258930030860e+02
1.337347869692326867e+02
1.330149455221902315e+02
1.310781061509076153e+02
1.278530447092175137e+02
1.331048004346600919e+02
1.305292036716899418e+02
1.272138043425623835e+02
1.282024856674093769e+02
1.288012834570141649e+02
1.272290572048705997e+02
1.274354786239537134e+02
1.318984868047093642e+02
1.288052308612531078e+02
1.265187163445208824e+02
1.256369894796953162e+02
1.269002089321589750e+02
1.246561270527653846e+02
1.287149197522116424e+02
1.229887837405724014e+02
1.244648403886086498e+02
1.205695527356245549e+02
1.240702538374387274e+02
1.250519738701029837e+02
1.223952424867619300e+02
1.218914915522331768e+02
1.214783401364474997e+02
1.209704423744890533e+02
1.199830075737775275e+02
1.206105648903709380e+02
1.204888546740193220e+02
1.222186802128340020e+02
1.192969801734260358e+02
1.209689201164363936e+02
1.164914764581574502e+02
1.194432508776174586e+02
1.166370936428106830e+02
1.182870415310039220e+02
1.163598826965982624e+02
1.166081047761622500e+02
1.190657133726653854e+02
1.142098132634712897e+02
1.157354931768161634e+02
1.171493018594975979e+02
1.130817429896074913e+02
1.139581544775089128e+02
1.124262259308372478e+02
1.131347243296273746e+02
1.126975826947366812e+02
1.121491060915832918e+02
1.109130303067312866e+02
1.128894078071451759e+02
1.116511123757913424e+02
1.102826042427010123e+02
1.095811385041290009e+02
1.093006199032150647e+02
1.132838547030894176e+02
1.073998327910896791e+02
1.074315455774857213e+02
1.072031535107259401e+02
1.094908912636746834e+02
1.033256614653587917e+02
1.032938942516258436e+02
1.034002829554185467e+02
1.024379951868186538e+02
1.020109449968322792e+02
1.026081743931587624e+02
9.942346639253443641e+01
9.992191093952851588e+01
1.013860901794767528e+02
1.002571447703039382e+02
1.010274070317781963e+02
9.751045754088507067e+01
1.009730989938031627e+02
9.777315438774179768e+01
9.793527450773468956e+01
1.014245656226477905e+02
9.931503349205934228e+01
1.003741352580012887e+02
1.002629905955660377e+02
9.601029133260807669e+01
9.877571188679989689e+01
9.869026001616252586e+01
9.905456350869086180e+01
1.005713795696367470e+02
9.803341889961448885e+01
9.717747227360237616e+01
9.881085076433649306e+01
9.504712956320388173e+01
9.820808680714435468e+01
9.869999269263412600e+01
9.777203344799009699e+01
9.773832538732224862e+01
9.563628501773271751e+01
9.483629506163569545e+01
9.799715623776111784e+01
9.703218546113599530e+01
9.874668409712177208e+01
9.828501605128526819e+01
9.607754296114050874e+01
9.699844394455514873e+01
9.658525400669930150e+01
9.675387847807905928e+01
9.771759851441076705e+01
9.536625870615456790e+01
9.730349834656331609e+01
9.520707347017916788e+01
9.321587277799456217e+01
9.468021973424392002e+01
9.615805382162184856e+01
9.418914198263274784e+01
