1.058910369873046875e+02
1.231169128417968750e+02
4.388985443115234375e+01
8.697393798828125000e+01
1.138174743652343750e+02
1.029949188232421875e+02
1.116551437377929688e+02
1.034119415283203125e+02
1.223285217285156250e+02
7.901596832275390625e+01
8.013108062744140625e+01
1.062480850219726562e+02
8.517183685302734375e+01
9.283168792724609375e+01
9.953525543212890625e+01
9.153324890136718750e+01
4.488503265380859375e+01
2.941774559020996094e+01
9.031125640869140625e+01
1.151360130310058594e+01
6.374168395996093750e+01
1.229395446777343750e+02
1.249729843139648438e+02
2.181793212890625000e+01
1.109185867309570312e+02
1.188753662109375000e+02
9.678639221191406250e+01
9.729563140869140625e+01
1.093502197265625000e+02
1.152356719970703125e+02
5.793048858642578125e+00
4.826305770874023438e+01
1.182079162597656250e+02
8.046337127685546875e+00
6.041028022766113281e+00
1.456612491607666016e+01
2.336663818359375000e+01
4.289610290527343750e+01
1.249504089355468750e+02
2.267670822143554688e+01
2.317291450500488281e+01
9.169636726379394531e+00
6.136745452880859375e+01
1.093564453125000000e+02
9.392368316650390625e+01
4.009270858764648438e+01
1.119068679809570312e+02
8.597949981689453125e+01
8.518524169921875000e+00
9.535836791992187500e+01
1.086631317138671875e+02
2.514808845520019531e+01
2.977630805969238281e+01
1.202944335937500000e+02
1.158698425292968750e+02
1.399410533905029297e+01
1.098028106689453125e+02
3.754456710815429688e+01
1.075344543457031250e+02
1.144319381713867188e+02
1.254228496551513672e+01
4.345729827880859375e+01
8.532044982910156250e+01
2.393012809753417969e+01
1.243005523681640625e+02
2.011687469482421875e+01
1.108760528564453125e+02
3.513145685195922852e+00
1.176004180908203125e+02
1.030915451049804688e+02
1.151020965576171875e+02
6.034512710571289062e+01
1.079975128173828125e+02
1.062788848876953125e+02
1.115164871215820312e+02
4.868136405944824219e+00
2.569735717773437500e+01
1.104815597534179688e+02
7.630406951904296875e+01
1.073568267822265625e+02
4.132631301879882812e+00
7.667145729064941406e+00
1.274063415527343750e+02
7.526002502441406250e+01
1.260963897705078125e+02
1.142425613403320312e+02
1.164841995239257812e+02
1.168161392211914062e+02
1.184368667602539062e+02
2.359290313720703125e+01
2.325031089782714844e+01
2.558259201049804688e+01
5.254066848754882812e+01
7.582760620117187500e+01
1.153770217895507812e+02
1.063826446533203125e+02
8.473538970947265625e+01
6.626685333251953125e+01
1.195217971801757812e+02
2.036339187622070312e+01
